Model: RandomForestClassifier
Accuracy: 0.4815242494226328
Precision: 0.502992157957516
Recall: 0.4815242494226328
F1 Score: 0.33359745605086444
