Model: XGBClassifier
Accuracy: 0.48788927335640137
Precision: 0.5197674376435079
Recall: 0.48788927335640137
F1 Score: 0.45436723666309176
