Model: XGBClassifier
Accuracy: 0.5311059907834101
Precision: 0.5501057144447581
Recall: 0.5311059907834101
F1 Score: 0.5314576306385299
