Model: RandomForest
Accuracy: 0.48036951501154734
Precision: 0.2307548709524292
Recall: 0.48036951501154734
F1 Score: 0.3117530705847172
