Model: XGBRegressor
MSE: 1928.741714246817
MAE: 34.12557758124505
EVS: 0.9986186300039828
