Model: RandomForestRegressor
MSE: 678957.0595841719
MAE: 728.0511299820475
EVS: 3.552700517306384e-05
