Model: XGBRegressor
MSE: 1246.1337325167274
MAE: 23.68458110615954
EVS: 0.9990926832049757
